100 5 999999999
552344982
580546676
606903139
392912372
849128443
391290904
342680311
933485354
339953886
905374338
944106054
909731240
684549495
401051481
923337317
557043389
902019494
544983172
151597387
415273042
969951484
355315871
925195357
444420513
770877816
472943794
476804362
641587897
813546394
751014557
341498365
472820914
562147374
266557387
421621142
365429147
196785529
327261844
379128392
466479825
235593896
561730381
117871216
737379611
254312719
912026187
955227774
244497422
140815435
626660635
361919361
494256515
167910343
877919657
351169945
746295346
693115638
245922453
700829906
642018528
839813354
786976652
533457537
836875112
349710996
526434223
912315033
730415624
257774870
983616728
787154984
470544622
676567225
397793573
577345424
297958238
423736849
415293718
870776005
988468913
653238285
381912757
579870662
793660844
023576396
405008443
175889096
670850166
580704088
202032255
192741534
856047191
685475215
529522103
956348042
713052534
414694346
968130573
797813166
46801122