Set 1_______________________________________ 1000
n mode M
1
2
3
4
817
266
416
581
907
767
175
922
615
788
478
180
165
842
264
515
803
765
312
361
728
473
978
185
377
572
698
870
472
599
324
149
942
622
890
148
820
985
524
216
769
443
458
515
753
176
378
116
608
361
278
129
534
523
383
415
744
723
664
111
838
541
231
560
347
136
183
845
787
678
509
433
390
965
767
563
785
458
515
250
402
135
548
103
168
701
851
858
928
863
628
700
951
578
866
712


Set 2___________________________________________________ 5000
3680
4327
2520
2453
4486
1707
3092
1815
4059
4980
4715
2546
2677
2884
1582
3937
3968
1251
1292
3208
3681
2737
4672
4919
2040
3004
3193
3900
1818
1359
4472
3195
2609
1835
4451
3582
2334
3381
1456
2492
3700
3737
3170
1549
2523
2349
3076
4523
4182
3358
1544
4449
1758
3852
1294
4327
2885
4018
4733
2852
3513
1991
3511
4006
3251
4533
3371
3624
3015
3089
1608
2481
1278
2361
4486
2731
2691
1766
2596
2776
4352
1491
1589
4241
2644
1878
3737
4116
1416
3392
3537
1332
1582
2212
2607
3596
3146
3797
4712
4976

Set 3_________________________________________________________ 10000
7868
8150
6849
9890
5027
9921
9649
8350
7249
5217
9190
7495
8531
5490
5013
6324
5018
9963
8828
8697
5338
6288
7513
5392
6140
9516
9674
9867
8939
7019
5870
9446
5326
5117
7165
9938
8762
7752
9405
7696
6001
9604
6196
5113
5546
7687
8699
7124
5580
9151
8303
8416
8584
7364
9347
8106
5644
6795
8068
8631
6694
5400
6750
9872
6855
9334
8663
5614
7981
7042
6083
9708
6707
7845
8661
9664
5578
9553
8397
8004
9534
9264
9537
8953
8518
9894
9605
6608
9505
6505
8037
6755
8601
5872
8140
6955
8870
9619
8810
5718

Set 4_________________________________________ 50000
22408
49461
14168
19003
20540
23743
10673
47933
22628
34632
25213
47462
17397
34204
14590
26305
16787
22417
43342
36167
45914
48182
31934
39898
21887
46749
28179
38388
21033
26129
48121
49348
19256
38248
24598
10021
35601
24387
18637
36999
26439
21205
24998
13471
42133
16266
21760
27525
17443
41398
23844
49714
31875
13362
31870
23813
37481
17083
40827
13863
44585
37651
40250
12111
10216
27763
22870
43063
26333
18581
18218
10473
25153
24432
16500
17298
32075
25586
38134
49864
14320
40658
28055
27008
28666
33662
39673
28754
15993
16387
29587
41417
42940
16858
38150
37377
36338
29047
21735
40497

Set 5______________________________________________ 100000
61975
68637
73581
55009
86390
66644
78338
78908
98213
58538
97040
64713
67057
57045
95378
79780
65315
76418
87096
99339
70866
76679
67392
65735
88214
72493
52024
51934
77520
87236
74579
73297
71448
52441
67438
95150
51496
70731
75150
98154
97754
97189
79035
94755
55447
79248
70790
83356
90594
96103
99466
81257
61413
58295
58932
62757
77177
71449
58894
81130
99499
94007
82768
74274
66642
53393
77194
71907
78452
72459
64484
63113
70599
71598
86441
94605
73545
69117
78597
83286
60466
73848
60557
79938
67529
95072
52616
91662
90489
84257
67229
64890
74584
50144
68404
60759
96943
84938
92531
90636

Set 6____________________________________________________________________ 500000
459714
210051
318358
334180
321794
344207
102094
152700
253663
370898
435688
101160
440423
192285
168361
478470
116962
345208
263305
426619
388315
115958
443645
463412
416153
193071
462120
363542
318174
225642
313288
400513
235325
247096
172098
311509
425804
215714
415155
455948
249327
209872
100790
440725
202906
362318
371767
460355
478943
292958
357195
315583
497999
298132
107237
334285
260401
364956
194532
334946
253227
389199
250609
257282
372471
198453
491437
303586
224073
162455
456714
435108
136193
449294
499098
286949
247825
399157
454745
294708
202969
268192
216195
359005
148985
407461
259704
323938
316071
156687
253427
265412
143390
109267
366838
317976
330500
260707
339619
386203

Set 7_____________________________________________________________________ 1000000
933659
731938
794099
537245
874794
913354
552745
908193
832029
975659
501761
830503
802242
777931
999566
539522
573192
812766
788150
842376
866751
821466
808586
871021
718648
954816
791822
763787
556384
958895
926611
788565
648149
912758
567647
867943
959121
914729
997894
528583
565041
634967
959552
525234
908135
751150
875484
658635
521243
776658
672460
913989
649819
873114
772242
911469
750691
605104
623115
925054
677640
509438
880060
631142
893065
878132
770163
971709
843537
651196
845987
804377
986914
651912
659223
826691
502032
921482
971237
587344
844145
906438
942849
616400
886396
769479
995939
763605
698278
806776
545357
744185
850600
634569
860444
804977
507067
754916
508809
691214

Set 8_____________________________________ 50000000
28167348
24671358
19423662
18298396
8129331
23838899
13633512
7207634
40403209
32166901
2556485
17259899
23070423
24202824
25785160
41920009
39967593
44624584
33444404
47883519
28775922
14580389
29888116
9357260
42896759
41591265
5316567
30116686
16349704
38851981
21576420
34395599
41611553
41276453
2849713
2481511
21839920
9822262
9331863
16161767
10381781
13708802
11759762
34527496
49409440
30098642
4302118
10452154
24335993
43068302
30815901
35058731
35374352
19858605
46231995
9709070
48618248
47439659
18329142
12900907
44431537
22725182
7292716
42468833
17062746
33818315
15095918
17496925
48172265
16183041
29630025
37876839
35411686
1888060
31833911
2137437
14055323
41091671
19491613
27057725
29272628
4506186
12181023
31275526
14797212
31945200
46235524
5794336
44005493
40893942
21066571
12629381
20800363
24119257
5060181
48109923
19147968
28075289
33280040
47097144

Set 9____________________________________________ 100000000
74788941
66200048
94260818
88056715
73707968
78513620
52656286
86824853
53676292
61182245
53181409
67177509
66629529
51421743
52685722
75624656
63022392
85769958
92825216
64079869
68352892
99423430
80802686
53497603
50390387
99428582
81860276
92827187
68830954
71483171
84578317
51506457
88485334
64044731
78997522
88104988
76009037
55435999
80404554
62008706
57779489
72459111
52200440
69259745
61656505
52918921
73585225
84197708
61030642
69811287
69414741
79094212
56754608
66034176
56043549
72159647
84248761
70405133
86294848
86074336
81792993
79853277
53803991
60640953
84182834
84762921
60889701
65047818
70309340
65316209
61157417
51934627
91860703
99650699
65911303
57324545
77581740
56650909
98604804
54482621
50481330
96848549
78732440
72117763
53741028
91230395
54823849
85615158
91895277
82944777
68789330
91464993
55462525
75469909
74109826
58046133
74252028
62736256
74358976
94530793

Set 10________________________________________________ 1000000000
552344982
580546676
606903139
392912372
849128443
391290904
342680311
933485354
339953886
905374338
944106054
909731240
684549495
401051481
923337317
557043389
902019494
544983172
151597387
415273042
969951484
355315871
925195357
444420513
770877816
472943794
476804362
641587897
813546394
751014557
341498365
472820914
562147374
266557387
421621142
365429147
196785529
327261844
379128392
466479825
235593896
561730381
117871216
737379611
254312719
912026187
955227774
244497422
140815435
626660635
361919361
494256515
167910343
877919657
351169945
746295346
693115638
245922453
700829906
642018528
839813354
786976652
533457537
836875112
349710996
526434223
912315033
730415624
257774870
983616728
787154984
470544622
676567225
397793573
577345424
297958238
423736849
415293718
870776005
988468913
653238285
381912757
579870662
793660844
023576396
405008443
175889096
670850166
580704088
202032255
192741534
856047191
685475215
529522103
956348042
713052534
414694346
968130573
797813166
46801122